iperf -s -p 12345 & 
iperf -c 192.168.2.16 -p 12345 -t 30 -P 8

[30583.819111] Planted jprobe at ffffffff919da6b0, handler addr ffffffffc05a2000
[30590.285837] 139706647611856  10995
[30590.285840] 139706637957226  10995
[30590.285847] 139706647726504  10995
[30590.285852] 139706641082336  10995
[30590.285855] 4488444  10995
[30590.285860] 140726440463672  10995
[30590.285862] 4315280  10995
[30590.285866] 4329344  10995
[30590.285870] 139706637342496  10995
[30590.285875] 7333136  10995
[30590.285877] 4585312  10995
[30590.285882] 139706638134528  10995
[30590.285889] 7294532  10995
[30590.285895] 4409312  10995
[30590.285898] 9939656  10995
[30590.285900] 7346968  10995
[30590.285905] 139706637684480  10995
[30590.285910] 9959312  10995
[30590.285912] 4677152  10995
[30590.285916] 4956096  10995
[30590.285919] 5081808  10995
[30590.285922] 9644352  10995
[30590.285924] 139706637798944  10995
[30590.285928] 139706638725436  10995
[30590.285931] 9965200  10995
[30590.285936] 9236896  10995
[30590.285938] 10004336 10995
[30590.285940] 9991280  10995
[30590.285944] 8329344  10995
[30590.285949] 9968784  10995
[30590.285953] 10018576 10995
[30590.285958] 9931488  10995
[30590.285962] 9952464  10995
[30590.285966] 4648912  10995
[30590.285969] 7337640  10995
[30590.285971] 4820896  10995
[30590.285975] 10002176 10995
[30590.285978] 9926368  10995
[30590.285980] 9752176  10995
[30590.285981] 9504320  10995
[30590.285983] 9741456  10995
[30590.285988] 9721584  10995
[30590.285990] 9995984  10995
[30590.285992] 8358736  10995
[30590.285997] 8326056  10995
[30590.286004] 5042449  10995
[30590.286008] 7349320  10995
[30590.286011] 8346276  10995
[30590.286013] 9725220  10995
[30590.286019] 9500416  10995
[30590.286024] 139706634246379  10995
[30590.286030] 139706638454432  10995
[30590.286034] 9326712  10995
[30590.286042] 7327056  10995
[30590.286045] 139706645567136  10995
[30590.286049] 139706645534752  10995
[30590.286053] 4215893  10995
[30590.286059] 139706643206776  10995
[30590.286064] 139706641093160  10995
[30590.286066] 139706637125312  10995
[30590.286070] 139706637206476  10995
[30590.286136] 140737488351209  10995
[30590.286326] 94598404661440 10995
[30590.286344] 140471212113856  10995
[30590.286350] 140734634527961  10995
[30590.286358] 140471209860288  10995
[30590.286363] 140471212108896  10995
[30590.286366] 140471209981600  10995
[30590.286369] 140471212114176  10995
[30590.286378] 94598402490432 10995
[30590.286383] 94598404659904 10995
[30590.286385] 94598404660168 10995
[30590.286390] 140734635843640  10995
[30590.286400] 140471212097544  10995
[30590.286403] 140471209926304  10995
[30590.286417] 140471212007424  10995
[30590.286423] 140471212102816  10995
[30590.286432] 140734634524480  10995
[30590.286449] 140471209839720  10995
[30590.286454] 140471209827664  10995
[30590.286456] 140471209827928  10995
[30590.286461] 140471206179368  10995
[30590.286467] 140471206605584  10995
[30590.286474] 140471212081385  10995
[30590.286490] 140471206176336  10995
[30590.286494] 140471203991992  10995
[30590.286504] 140471212003368  10995
[30590.286518] 140471203971744  10995
[30590.286522] 140471203970384  10995
[30590.286524] 140471203970536  10995
[30590.286529] 140471201776256  10995
[30590.286551] 140471201756960  10995
[30590.286556] 140471201749920  10995
[30590.286558] 140471201750008  10995
[30590.286563] 140471197807288  10995
[30590.286568] 140471197898948  10995
[30590.286586] 140471197802732  10995
[30590.286590] 140471197801864  10995
[30590.286592] 140471197802016  10995
[30590.286596] 140471194624528  10995
[30590.286606] 140471211999296  10995
[30590.286611] 140471206617072  10995
[30590.286623] 140471211995144  10995
[30590.286625] 140471211988800  10995
[30590.286627] 140471211991096  10995
[30590.286631] 140471201751048  10995
[30590.286634] 140471201736640  10995
[30590.286639] 140471201738752  10995
[30590.286643] 140471201742984  10995
[30590.286649] 140471197886396  10995
[30590.286679] 140471198391888  10995
[30590.286683] 140471198574544  10995
[30590.286687] 140471199427118  10995
[30590.286691] 140471199130000  10995
[30590.286704] 140471194737120  10995
[30590.286709] 140471194841856  10995
[30590.286728] 140471209832456  10995
[30590.286732] 140471209792952  10995
[30590.286736] 140471209795584  10995
[30590.286738] 140471209800216  10995
[30590.286742] 140471209803832  10995
[30590.286744] 140471209807880  10995
[30590.286747] 140471209812216  10995
[30590.286750] 140471209816448  10995
[30590.286752] 140471209820184  10995
[30590.286756] 140471209831928  10995
[30590.286760] 140471206346468  10995
[30590.286767] 140471206269476  10995
[30590.286775] 140471206347703  10995
[30590.286910] 140471206421353  10995
[30590.286931] 140471206674432  10995
[30590.286994] 140471206488186  10995
[30590.287155] 140471211985768  10995
[30590.287228] 140471211985760  10995
[30590.287408] 140471203988176  10995
[30590.287412] 140471201846176  10995
[30590.287422] 140471198838128  10995
[30590.287428] 140471198938560  10995
[30590.287431] 140471201773368  10995
[30590.287434] 140471201765344  10995
[30590.287437] 140471201763128  10995
[30590.287440] 140471197995344  10995
[30590.287444] 140471198502576  10995
[30590.287466] 140471204068480  10995
[30590.287472] 140471206745616  10995
[30590.287478] 140471198044800  10995
[30590.287482] 140471206927408  10995
[30590.287486] 140471209852104  10995
[30590.287488] 140471209852104  10995
[30590.287494] 140471198344576  10995
[30590.287525] 94598415527944 10995
[30590.287529] 94598415600664 10995
[30590.287531] 140471207459616  10995
[30590.287536] 140471209853368  10995
[30590.287537] 140471209853368  10995
[30590.287548] 140471199341155  10995
[30590.287552] 140471199303744  10995
[30590.287561] 140471194623376  10995
[30590.287564] 94598415601896 10995
[30590.287569] 140471194619832  10995
[30590.287588] 140471186230672  10995
[30590.287593] 140471186227128  10995
[30637.725976] jprobe at ffffffff919da6b0 unregistered
