sed 's/\w*/cs528/gi' big_tst.txt > out.txt

[ 2111.283402] Planted jprobe at ffffffff8c9da6b0, handler addr ffffffffc0444000
[ 2112.711430] 140162771356112  2641
[ 2112.711433] 140162761709674  2641
[ 2112.711440] 140162771478952  2641
[ 2112.711444] 140162764834784  2641
[ 2112.711447] 4488444  2641
[ 2112.711452] 140737212091032  2641
[ 2112.711454] 4315280  2641
[ 2112.711458] 4329344  2641
[ 2112.711462] 140162761094944  2641
[ 2112.711467] 7333136  2641
[ 2112.711468] 4585312  2641
[ 2112.711473] 140162761886976  2641
[ 2112.711480] 7294532  2641
[ 2112.711486] 4409312  2641
[ 2112.711490] 35933640 2641
[ 2112.711491] 7346968  2641
[ 2112.711496] 35803312 2641
[ 2112.711498] 140162761444208  2641
[ 2112.711502] 4677152  2641
[ 2112.711505] 4956096  2641
[ 2112.711509] 35771504 2641
[ 2112.711510] 5081696  2641
[ 2112.711514] 140162761551392  2641
[ 2112.711517] 140162762477876  2641
[ 2112.711520] 34153872 2641
[ 2112.711522] 35901584 2641
[ 2112.711526] 34167040 2641
[ 2112.711528] 35950768 2641
[ 2112.711532] 35893552 2641
[ 2112.711534] 35949264 2641
[ 2112.711538] 4648912  2641
[ 2112.711542] 7337640  2641
[ 2112.711543] 4820896  2641
[ 2112.711548] 35981440 2641
[ 2112.711550] 35899760 2641
[ 2112.711555] 35935952 2641
[ 2112.711557] 35715456 2641
[ 2112.711559] 35692416 2641
[ 2112.711561] 35972656 2641
[ 2112.711567] 35910224 2641
[ 2112.711571] 35891536 2641
[ 2112.711576] 34073528 2641
[ 2112.711582] 5042449  2641
[ 2112.711586] 7349320  2641
[ 2112.711588] 35887808 2641
[ 2112.711591] 34093732 2641
[ 2112.711593] 35699044 2641
[ 2112.711599] 140162757998827  2641
[ 2112.711605] 140162762206880  2641
[ 2112.711609] 35927368 2641
[ 2112.711613] 35074168 2641
[ 2112.711620] 7327056  2641
[ 2112.711624] 34098724 2641
[ 2112.711626] 140162761115328  2641
[ 2112.711629] 140162764829808  2641
[ 2112.711631] 140162761581040  2641
[ 2112.711636] 4776880  2641
[ 2112.711642] 140162761010144  2641
[ 2112.716204] 140162761358032  2641
[ 2112.716212] 140162761368432  2641
[ 2112.716216] 140162764826288  2641
[ 2112.716223] 140162769319584  2641
[ 2112.716226] 140162769287200  2641
[ 2112.716231] 4215893  2641
[ 2112.716238] 140162766959224  2641
[ 2112.716242] 140162764845608  2641
[ 2112.716244] 140162760877760  2641
[ 2112.716248] 140162760958924  2641
[ 2112.716279] 140737488351215  2641
[ 2112.716404] 6362840  2641
[ 2112.716419] 140097796329408  2641
[ 2112.716426] 140724554419097  2641
[ 2112.716433] 140097794075840  2641
[ 2112.716435] 140097794092032  2641
[ 2112.716438] 140097796324448  2641
[ 2112.716441] 140097794197152  2641
[ 2112.716444] 140097796329728  2641
[ 2112.716455] 4194368  2641
[ 2112.716459] 6360600  2641
[ 2112.716462] 140724554522680  2641
[ 2112.716469] 140097796313096  2641
[ 2112.716472] 6360816  2641
[ 2112.716477] 140097794212672  2641
[ 2112.716483] 140724554416056  2641
[ 2112.716490] 140097796214784  2641
[ 2112.716495] 140097796280320  2641
[ 2112.716499] 140097796318368  2641
[ 2112.716517] 140097794061296  2641
[ 2112.716521] 140097794059624  2641
[ 2112.716523] 140097794059888  2641
[ 2112.716528] 140097791836712  2641
[ 2112.716551] 140097791817504  2641
[ 2112.716555] 140097791810464  2641
[ 2112.716558] 140097791810552  2641
[ 2112.716562] 140097787867832  2641
[ 2112.716566] 140097787959492  2641
[ 2112.716576] 140097796210728  2641
[ 2112.716588] 140097787863088  2641
[ 2112.716591] 140097787862288  2641
[ 2112.716593] 140097787862520  2641
[ 2112.716597] 140097785311728  2641
[ 2112.716616] 140097785307248  2641
[ 2112.716619] 140097785306504  2641
[ 2112.716620] 140097785306656  2641
[ 2112.716625] 140097783198224  2641
[ 2112.716645] 140097783177888  2641
[ 2112.716649] 140097783176528  2641
[ 2112.716651] 140097783176680  2641
[ 2112.716655] 140097780982400  2641
[ 2112.716662] 140097796206656  2641
[ 2112.716672] 140097796200448  2641
[ 2112.716674] 140097796202744  2641
[ 2112.716677] 140097791811592  2641
[ 2112.716680] 140097791797184  2641
[ 2112.716684] 140097791799296  2641
[ 2112.716688] 140097791803528  2641
[ 2112.716692] 140097787985920  2641
[ 2112.716714] 140097788452432  2641
[ 2112.716717] 140097788635088  2641
[ 2112.716720] 140097789487662  2641
[ 2112.716722] 140097789190544  2641
[ 2112.716725] 140097789494569  2641
[ 2112.716727] 140097788434128  2641
[ 2112.716753] 140097789003296  2641
[ 2112.716772] 140097791833336  2641
[ 2112.716791] 140097783194320  2641
[ 2112.716793] 140097781052320  2641
[ 2112.716799] 140097788898672  2641
[ 2112.716803] 140097791833912  2641
[ 2112.716806] 140097791825888  2641
[ 2112.716809] 140097791823672  2641
[ 2112.716812] 140097788941984  2641
[ 2112.716815] 140097788055888  2641
[ 2112.716817] 140097788563120  2641
[ 2112.716833] 140097788707776  2641
[ 2112.716836] 140097794065776  2641
[ 2112.716840] 140097791937585  2641
[ 2112.716850] 140097788317040  2641
[ 2112.716877] 18735112 2641
[ 2112.716914] 6396032  2641
[ 2112.716918] 140097789393788  2641
[ 2112.716928] 140097777999888  2641
[ 2112.716932] 140097778103744  2641
[ 2112.716935] 140097778311228  2641
[ 2112.716938] 140097780965376  2641
[ 2112.716940] 140097778421440  2641
[ 2112.716943] 140097779437668  2641
[ 2112.716954] 18739240 2641
[ 2112.716958] 140097788824320  2641
[ 2112.716963] 18743352 2641
[ 2112.716973] 140097796284416  2641
[ 2112.716988] 18747640 2641
[ 2112.717001] 18752920 2641
[ 2112.717015] 140724554404496  2641
[ 2112.717017] 140724554400400  2641
[ 2112.717033] 18759208 2641
[ 2112.717082] 18759704 2641
[ 2112.717422] 18764168 2641
[ 2112.717498] 18768776 2641
[ 2112.744525] 18775672 2641
