
	Input Size : 4096
	Block_N  : 2
	THREAD_N : 192

The Guard points:
	0.000000, 0.000000 
	20000.000000, 20000.000000
	40000.000000, 0.000000
Legend : 
	. => difference less than 0.1,
	X => difference greater than 0.1 
Original X and Y	 Calculated X and Y
201.231201, 206.494400	201.231003, 206.494995
213.318390, 220.343201	213.317993, 220.343994
229.508804, 234.423996	229.507996, 234.423996
242.659607, 234.563599	242.660004, 234.563995
235.373596, 242.111603	235.373993, 242.110001
237.478394, 250.008408	237.477997, 250.009003
242.543610, 275.995605	242.542999, 275.996002
246.790009, 270.606018	246.787994, 270.606995
251.861206, 258.969177	251.860992, 258.968994
248.149597, 281.369598	248.147995, 281.371002
237.687988, 283.148804	237.688004, 283.148010
215.855194, 287.850800	215.854996, 287.851013
205.427994, 308.487183	205.427002, 308.488007
203.359604, 310.910400	203.358994, 310.911011
215.601196, 317.420013	215.602005, 317.419006
213.414795, 314.843994	213.414001, 314.843994
213.414001, 310.553986	213.414001, 310.553986
231.819992, 301.100403	231.820007, 301.101013
230.562393, 300.383606	230.563004, 300.382996
235.532806, 307.245605	235.533005, 307.244995
235.597198, 312.083221	235.597000, 312.083008
233.772003, 314.612000	233.770996, 314.612000
234.632782, 308.264801	234.632996, 308.264008
232.311188, 295.686005	232.311996, 295.684998
225.639999, 298.911591	225.639008, 298.911987
213.261597, 303.799591	213.261993, 303.799011
201.673203, 297.692017	201.671997, 297.692993
196.235596, 283.718384	196.235001, 283.717987
211.073212, 294.633606	211.072998, 294.634003
213.700409, 281.426788	213.701004, 281.425995
218.992004, 288.908020	218.990997, 288.908997
223.056000, 298.789185	223.056000, 298.787994
222.237991, 305.838409	222.238007, 305.837006
213.915588, 326.336426	213.916000, 326.335999
224.309998, 323.887207	224.309998, 323.888000
247.541199, 324.991211	247.539993, 324.993011
258.202026, 313.542786	258.200989, 313.542999
250.444397, 315.572021	250.444000, 315.571991
241.258804, 303.435608	241.257996, 303.437012
255.476807, 288.358765	255.477005, 288.358002
252.358795, 284.786804	252.358994, 284.786011
253.503998, 304.928406	253.503998, 304.928986
261.926392, 312.411987	261.925995, 312.411011
257.217590, 297.095581	257.217010, 297.095001
254.389603, 294.597595	254.389008, 294.597992
255.665588, 297.168793	255.666000, 297.166992
258.682007, 315.241608	258.683014, 315.239990
242.933990, 309.054016	242.934998, 309.053009
230.335205, 293.996002	230.334000, 293.996002
230.366013, 308.819611	230.365997, 308.820007
221.660797, 331.370392	221.660995, 331.371002
210.466797, 334.529602	210.466995, 334.529999
208.889206, 327.876801	208.889008, 327.876007
216.587997, 322.089600	216.587006, 322.089996
203.856796, 322.646423	203.856003, 322.645996
199.059601, 314.325989	199.059006, 314.326996
188.111603, 307.372803	188.110992, 307.372986
187.222412, 314.426025	187.222000, 314.425995
195.658401, 305.817200	195.658005, 305.819000
191.344406, 312.270386	191.343994, 312.270996
207.417587, 321.536011	207.417007, 321.536011
208.239197, 329.600372	208.238998, 329.601013
193.326797, 321.541626	193.326996, 321.540985
187.296799, 304.485199	187.296997, 304.484985
208.269196, 295.306396	208.268997, 295.307007
219.026016, 312.141602	219.024994, 312.141998
206.108795, 307.433990	206.108002, 307.434998
199.388397, 301.489197	199.389999, 301.487000
204.719193, 310.642395	204.718002, 310.644012
203.958405, 308.744019	203.957993, 308.744995
202.914398, 311.855591	202.914001, 311.855988
191.690002, 321.397583	191.690002, 321.397003
189.254395, 313.675995	189.255005, 313.675995
192.837204, 322.762024	192.837006, 322.763000
195.148392, 332.045593	195.147995, 332.045990
194.245605, 336.696777	194.246002, 336.696014
202.684387, 334.928009	202.684006, 334.928986
210.370804, 345.741180	210.369995, 345.742004
223.131989, 341.686005	223.130997, 341.687012
233.850006, 331.897217	233.850006, 331.895996
233.358795, 324.341980	233.358994, 324.342010
243.091995, 328.147217	243.091003, 328.148010
237.033600, 326.507202	237.031998, 326.509003
236.055603, 323.345581	236.056000, 323.346008
229.564011, 321.131592	229.563995, 321.132996
238.059601, 321.711609	238.059998, 321.710999
233.443588, 330.531616	233.442993, 330.532990
235.919205, 323.256805	235.917999, 323.257996
238.386810, 308.411194	238.386002, 308.411987
245.182007, 309.836426	245.182007, 309.835999
247.621994, 314.014008	247.621994, 314.014008
225.673996, 324.011597	225.673996, 324.011993
221.066406, 332.014008	221.065994, 332.014008
217.218002, 330.031189	217.218002, 330.031006
223.284409, 322.995178	223.283997, 322.996002
222.591583, 327.382019	222.591995, 327.381012
221.511200, 340.546783	221.511002, 340.546997
226.557999, 353.000000	226.557007, 353.001007
235.409607, 367.987610	235.410004, 367.985992
233.546799, 378.687988	233.546997, 378.687012
224.086807, 378.664429	224.085999, 378.665009
244.603180, 383.827606	244.602997, 383.828003
243.475204, 377.885986	243.475998, 377.885010
238.090790, 378.155609	238.091995, 378.154999
221.584000, 392.519226	221.582993, 392.519989
235.212799, 398.387604	235.214005, 398.386993
233.803207, 399.732788	233.802994, 399.731995
233.653198, 386.706024	233.653000, 386.707001
219.869202, 405.262817	219.869003, 405.263000
198.835999, 416.257996	198.835999, 416.259003
192.090805, 438.549561	192.091003, 438.549988
193.893188, 447.848419	193.893005, 447.847992
207.739212, 446.694794	207.740005, 446.694000
219.094391, 426.339996	219.095001, 426.339996
228.452789, 428.805206	228.453003, 428.804993
218.905594, 418.007996	218.904999, 418.009003
231.835190, 406.616394	231.835999, 406.615997
239.470001, 414.247986	239.468994, 414.248993
227.355606, 418.041199	227.356003, 418.041992
216.173203, 410.200378	216.173004, 410.199005
225.966797, 415.660400	225.966995, 415.660004
223.648819, 417.140778	223.649002, 417.140015
231.968414, 412.713593	231.968002, 412.713989
250.961990, 398.089172	250.962997, 398.088013
263.045593, 394.295197	263.045013, 394.295990
256.023193, 402.793213	256.023987, 402.791992
251.011597, 413.542389	251.011002, 413.542999
263.937988, 415.968384	263.937988, 415.967987
254.906403, 432.850403	254.906006, 432.851013
266.073608, 442.535217	266.074005, 442.533997
266.339172, 446.346802	266.338989, 446.346985
274.807587, 452.868408	274.807007, 452.868011
289.683594, 457.768036	289.683990, 457.768005
287.502808, 473.897980	287.502991, 473.898010
300.235199, 476.955597	300.234985, 476.955994
291.390808, 474.912018	291.390015, 474.912994
288.603210, 495.169586	288.602997, 495.170013
281.158020, 514.072021	281.157990, 514.072021
281.841583, 523.276428	281.839996, 523.278015
268.593597, 519.134399	268.593994, 519.133972
270.161194, 524.124817	270.160004, 524.125977
263.276428, 501.442810	263.277008, 501.441010
260.316010, 496.557983	260.316010, 496.558990
267.995605, 492.936005	267.994995, 492.937012
258.264801, 515.357605	258.264008, 515.356995
260.767212, 531.817139	260.765991, 531.818970
254.337585, 521.683594	254.337006, 521.684998
246.214401, 525.527954	246.214005, 525.528992
257.010010, 531.384827	257.010010, 531.385010
269.810791, 537.712402	269.812012, 537.710022
273.928802, 549.977600	273.928986, 549.978027
260.731567, 555.184021	260.730988, 555.184021
259.785217, 558.984741	259.785004, 558.984009
245.687195, 571.689575	245.686005, 571.690979
232.545609, 566.759216	232.544998, 566.758972
241.365997, 577.813599	241.365997, 577.814026
243.926407, 589.014404	243.927002, 589.013977
255.042786, 603.583984	255.042999, 603.583984
253.784393, 621.709961	253.785004, 621.710022
260.405212, 628.001587	260.403992, 628.002014
266.433197, 637.390808	266.433990, 637.390015
278.047211, 655.889221	278.046997, 655.888977
277.225586, 671.079590	277.223999, 671.080994
284.027588, 688.573975	284.028015, 688.573975
280.444794, 681.528015	280.446014, 681.526001
271.874390, 686.958008	271.875000, 686.956970
265.635620, 694.150818	265.635986, 694.151001
271.759216, 693.382812	271.760010, 693.380981
275.193604, 689.989197	275.192993, 689.989990
269.334015, 696.873596	269.334015, 696.874023
281.510010, 706.736389	281.509003, 706.736023
289.110016, 731.863220	289.109009, 731.862976
299.248779, 722.374023	299.248993, 722.374023
312.384003, 729.297974	312.381989, 729.299011
312.600403, 736.204407	312.600006, 736.205017
309.074402, 724.843628	309.072998, 724.843994
324.013184, 739.179993	324.013000, 739.181030
325.403595, 736.332397	325.403992, 736.331970
321.667999, 748.796387	321.667999, 748.796021
307.292389, 768.351990	307.291992, 768.351990
306.362000, 772.903259	306.362000, 772.903992
304.734406, 781.300476	304.734009, 781.299988
318.320007, 785.836426	318.319000, 785.838013
330.600403, 787.480835	330.601013, 787.481018
341.529175, 790.230408	341.528015, 790.231018
354.145599, 783.952026	354.144989, 783.953003
354.555176, 783.187195	354.557007, 783.185974
346.462799, 765.674744	346.463013, 765.674988
352.796021, 773.889221	352.795990, 773.888000
369.366821, 768.685608	369.365997, 768.687012
369.065186, 784.059631	369.065002, 784.059998
386.567200, 800.114868	386.566986, 800.114990
399.650391, 797.644775	399.651001, 797.643982
402.132812, 804.845581	402.131989, 804.846985
394.599579, 795.270386	394.598999, 795.270996
394.234802, 798.312866	394.234985, 798.312988
396.267212, 821.030823	396.268005, 821.030029
395.899200, 835.858032	395.899994, 835.857971
388.824829, 857.284790	388.824005, 857.284973
381.425598, 867.858398	381.425995, 867.859009
392.872009, 876.956848	392.872009, 876.956970
401.265991, 883.449585	401.265991, 883.450012
394.965607, 879.926819	394.964996, 879.927979
404.298798, 898.596008	404.299011, 898.596008
376.995575, 916.902344	376.996002, 916.901978
358.731201, 911.836792	358.730011, 911.836975
353.313232, 911.987549	353.312988, 911.987976
374.849609, 924.364441	374.851013, 924.362976
391.704407, 930.045532	391.704987, 930.044983
409.904419, 935.060364	409.903992, 935.062012
404.757599, 933.060364	404.756989, 933.060974
398.582031, 917.894043	398.583008, 917.893982
405.286011, 925.576782	405.286011, 925.575989
396.233612, 934.468018	396.233002, 934.468994
386.502411, 929.226807	386.502014, 929.228027
383.186798, 913.559998	383.186005, 913.559998
381.955994, 910.187622	381.954987, 910.187012
390.176025, 910.355591	390.177002, 910.354980
377.868805, 907.457581	377.868988, 907.458008
400.357605, 905.762390	400.358002, 905.762024
409.140808, 896.882446	409.140991, 896.882019
392.845215, 898.559204	392.845001, 898.559998
405.242004, 907.483643	405.240997, 907.484985
405.109619, 917.715210	405.109009, 917.716003
398.529602, 918.004761	398.528992, 918.005981
381.066010, 907.801208	381.065002, 907.802002
392.923218, 904.555603	392.923004, 904.556030
388.263184, 896.816467	388.264008, 896.815002
382.314789, 891.633179	382.313995, 891.632996
388.947205, 901.312805	388.947998, 901.312012
387.039612, 891.473572	387.039001, 891.474976
399.127167, 900.448853	399.127014, 900.448975
411.714386, 894.607544	411.714996, 894.606995
422.450012, 891.362793	422.450989, 891.362000
425.308411, 890.925598	425.309998, 890.924988
419.921997, 888.251221	419.921997, 888.250977
425.808411, 879.429993	425.808014, 879.429993
423.397583, 888.806824	423.397003, 888.806030
423.427612, 874.006409	423.427002, 874.005981
430.566772, 880.606812	430.566986, 880.606995
441.828369, 879.395203	441.828003, 879.393982
441.980377, 866.353210	441.980011, 866.353027
438.057617, 865.031982	438.057007, 865.033020
451.359985, 858.947205	451.359985, 858.947021
465.230408, 867.073547	465.230011, 867.073975
464.195190, 859.146790	464.196014, 859.146973
456.170410, 865.418335	456.170013, 865.419006
468.350769, 871.145569	468.351990, 871.143982
467.318787, 859.578430	467.319000, 859.578003
453.339600, 839.195190	453.338989, 839.197021
460.204803, 836.348877	460.204987, 836.348999
466.895203, 839.766418	466.894012, 839.768005
456.410400, 846.777222	456.411011, 846.775024
466.061584, 848.372009	466.062012, 848.370972
475.530823, 855.095215	475.531006, 855.094971
495.446808, 870.261597	495.446991, 870.260010
504.768005, 852.454346	504.768005, 852.453979
523.315613, 840.351257	523.315002, 840.351990
534.475220, 846.445190	534.473999, 846.445984
544.309204, 861.700012	544.309021, 861.700012
555.792786, 870.743225	555.793030, 870.744019
562.150391, 884.239197	562.150024, 884.239014
560.831604, 895.838379	560.830017, 895.840027
571.824402, 900.654785	571.823975, 900.653992
587.067139, 912.044006	587.067017, 912.044006
589.226013, 909.454834	589.226013, 909.455017
571.709961, 915.537964	571.710022, 915.539001
563.780823, 919.024780	563.778992, 919.026978
551.327271, 923.249634	551.328003, 923.247986
542.488831, 918.805176	542.489014, 918.804993
538.145203, 898.202393	538.145020, 898.203003
552.939575, 893.146423	552.940002, 893.145996
561.479614, 894.982361	561.479980, 894.981995
552.386353, 884.157227	552.387024, 884.156006
539.666748, 890.672363	539.666016, 890.672974
531.703613, 911.112427	531.703003, 911.112976
529.934387, 925.663147	529.934998, 925.663025
522.994385, 934.256409	522.994995, 934.255981
516.682800, 946.861572	516.682983, 946.862000
528.862061, 941.279236	528.862976, 941.278992
531.386047, 947.929626	531.385986, 947.929016
523.500793, 956.394775	523.500977, 956.393982
526.906860, 967.936035	526.906982, 967.935974
537.456055, 972.682861	537.456970, 972.681030
545.963989, 970.872803	545.963989, 970.874023
550.183594, 979.113159	550.184998, 979.112976
539.038818, 983.028748	539.039001, 983.028015
535.663208, 969.381165	535.663025, 969.380981
547.455200, 959.272400	547.455017, 959.271973
548.684448, 959.884766	548.684998, 959.883972
562.456360, 953.949219	562.456970, 953.948975
571.841187, 948.427124	571.841980, 948.427002
588.020020, 940.249634	588.020020, 940.250000
605.226807, 944.781189	605.226990, 944.781006
616.058350, 965.777588	616.059021, 965.778015
632.839600, 991.809631	632.841003, 991.809021
624.520386, 1002.122864	624.518982, 1002.124023
611.031189, 1011.625977	611.030029, 1011.627014
616.795593, 1024.160767	616.794983, 1024.161011
619.940369, 1033.792480	619.940002, 1033.792969
622.304810, 1040.130371	622.304993, 1040.130005
624.518799, 1055.061646	624.518982, 1055.062012
632.270020, 1070.592041	632.268982, 1070.593018
632.555603, 1073.806763	632.556030, 1073.807007
650.393555, 1064.992798	650.393982, 1064.991943
647.597656, 1064.698730	647.598022, 1064.698975
656.661621, 1069.084717	656.663025, 1069.086060
645.473206, 1074.431641	645.473022, 1074.431030
655.044373, 1060.398438	655.043030, 1060.399048
666.291626, 1057.367920	666.291992, 1057.368042
669.314819, 1061.422852	669.315002, 1061.422974
682.147217, 1071.734741	682.146973, 1071.734985
690.311279, 1060.708374	690.310974, 1060.708008
696.263611, 1046.288330	696.263977, 1046.287964
705.356384, 1062.712402	705.356995, 1062.711060
695.834839, 1076.601196	695.833984, 1076.600952
690.433594, 1086.783936	690.434021, 1086.782959
692.724426, 1078.559937	692.724976, 1078.558960
675.374023, 1059.200806	675.374023, 1059.199951
678.185608, 1036.226074	678.185974, 1036.223999
690.504822, 1018.624023	690.505981, 1018.624023
694.781982, 1015.246338	694.781982, 1015.247009
682.296387, 1015.600403	682.296997, 1015.599976
669.272827, 997.739624	669.273010, 997.739014
667.196411, 979.067566	667.197998, 979.065002
688.301270, 976.922485	688.301025, 976.921997
685.302002, 989.043213	685.302002, 989.044006
686.602051, 995.254822	686.603027, 995.255005
698.568054, 996.374756	698.567017, 996.375977
697.841248, 987.166443	697.840027, 987.168030
702.394775, 984.648438	702.395020, 984.648010
699.045532, 975.073242	699.046997, 975.072998
713.388794, 974.863647	713.388977, 974.864014
734.108826, 982.548767	734.107971, 982.549988
742.908020, 989.698853	742.908020, 989.697998
724.513611, 986.124023	724.513977, 986.124023
730.562805, 972.453979	730.562988, 972.453979
723.703247, 984.862793	723.703003, 984.862976
728.720825, 998.880432	728.721008, 998.880005
729.857666, 1013.898438	729.857971, 1013.898010
728.021606, 1014.665649	728.021973, 1014.666016
725.387207, 1015.711182	725.385986, 1015.711975
719.696411, 1029.206299	719.695984, 1029.207031
729.864380, 1023.911621	729.864990, 1023.911011
753.065186, 1015.194824	753.065979, 1015.193970
766.567261, 1008.289185	766.567993, 1008.289001
761.197571, 1009.881226	761.197021, 1009.880981
748.180420, 1010.325928	748.179993, 1010.325989
741.577576, 1002.317566	741.577026, 1002.317993
741.631592, 999.193542	741.632019, 999.192993
736.553223, 1002.545166	736.554016, 1002.544983
730.848816, 996.197632	730.848999, 996.197998
736.863220, 985.343140	736.862976, 985.343994
728.964417, 999.139221	728.965027, 999.138977
742.807190, 1016.926819	742.807983, 1016.927002
737.610352, 1018.893677	737.609985, 1018.895020
750.582031, 1013.966797	750.583008, 1013.966003
764.828430, 1009.879578	764.828979, 1009.880005
779.825195, 995.448730	779.825012, 995.448975
779.985596, 981.605652	779.984009, 981.606995
792.505615, 993.540039	792.505981, 993.539978
799.485962, 992.017639	799.486023, 992.017029
801.803223, 996.550781	801.804016, 996.551025
794.889587, 995.004089	794.888977, 995.004028
787.588379, 1020.931641	787.590027, 1020.929993
805.098022, 1028.848755	805.098022, 1028.848999
807.958374, 1022.349976	807.956970, 1022.351013
809.660400, 1037.177612	809.659973, 1037.178955
808.867188, 1058.714355	808.864990, 1058.715942
801.760010, 1062.048828	801.760010, 1062.048950
810.304382, 1064.784424	810.304016, 1064.785034
813.848022, 1058.190796	813.848022, 1058.189941
813.284424, 1049.004883	813.283997, 1049.004028
828.732788, 1048.838379	828.732971, 1048.838013
845.042358, 1043.120483	845.041992, 1043.120972
842.615234, 1060.329224	842.616028, 1060.327026
839.786377, 1068.418823	839.786011, 1068.418945
847.804810, 1076.188354	847.804016, 1076.188965
830.353271, 1087.633667	830.353027, 1087.634033
828.372375, 1079.177124	828.372009, 1079.177979
823.658752, 1073.880371	823.658997, 1073.880005
822.674316, 1064.216431	822.674011, 1064.217041
823.261169, 1056.332031	823.262024, 1056.332031
836.055176, 1067.266113	836.054993, 1067.266968
844.015991, 1068.679199	844.015991, 1068.678955
845.072021, 1054.334473	845.073975, 1054.332031
837.865601, 1049.937622	837.866028, 1049.937012
820.251221, 1060.376343	820.250977, 1060.375977
811.348755, 1070.635254	811.348999, 1070.634033
812.600830, 1082.208862	812.599976, 1082.208984
828.444092, 1098.485962	828.443970, 1098.485962
825.730042, 1111.113525	825.729004, 1111.114014
818.144043, 1095.363159	818.145020, 1095.363037
825.050781, 1088.826416	825.051025, 1088.826050
824.268738, 1087.322388	824.268982, 1087.322998
814.125610, 1079.941650	814.125000, 1079.942017
793.655579, 1062.898804	793.656006, 1062.897949
789.360413, 1051.624023	789.359009, 1051.625977
777.163208, 1044.880371	777.163025, 1044.880981
777.399658, 1034.409912	777.400024, 1034.409058
793.437622, 1030.863159	793.437012, 1030.863037
796.694824, 1037.811646	796.695007, 1037.811035
812.839600, 1030.458008	812.838989, 1030.458008
820.973511, 1035.828125	820.971985, 1035.828979
828.084778, 1046.446289	828.083984, 1046.447021
815.282410, 1048.491943	815.281006, 1048.493042
812.757568, 1057.415161	812.755981, 1057.416016
816.656799, 1062.955078	816.656982, 1062.956055
824.148376, 1065.217285	824.148010, 1065.218018
837.553589, 1061.178345	837.552979, 1061.177979
846.381653, 1048.573975	846.380981, 1048.574951
863.684387, 1038.380005	863.684021, 1038.380005
875.321167, 1040.296021	875.322021, 1040.296021
870.460754, 1039.108887	870.460022, 1039.109985
867.895630, 1024.715576	867.896973, 1024.713989
870.768799, 1032.578857	870.770020, 1032.578003
873.677246, 1038.208374	873.677979, 1038.207031
883.771179, 1034.812012	883.773010, 1034.811035
901.143616, 1044.011963	901.143005, 1044.012939
909.983521, 1038.632812	909.982971, 1038.634033
898.430054, 1032.963989	898.432007, 1032.962036
900.965210, 1051.180420	900.966003, 1051.178955
904.153137, 1057.105469	904.153992, 1057.104004
910.501221, 1068.862793	910.500977, 1068.863037
920.589966, 1089.258423	920.590027, 1089.258057
929.120422, 1102.128784	929.119995, 1102.130005
936.677185, 1106.523560	936.677002, 1106.522949
933.816406, 1118.818359	933.815002, 1118.818970
953.286011, 1135.457520	953.286011, 1135.457031
953.583252, 1141.332275	953.583984, 1141.331055
944.879272, 1161.678833	944.879028, 1161.678955
943.056824, 1171.972046	943.054993, 1171.973022
937.973206, 1180.436401	937.973022, 1180.437988
947.334412, 1174.590332	947.333984, 1174.589966
967.747559, 1184.986816	967.747986, 1184.985962
974.473999, 1195.593262	974.473999, 1195.592041
963.636353, 1199.619629	963.635986, 1199.620972
971.507202, 1193.945068	971.507996, 1193.946045
967.921631, 1189.053589	967.921021, 1189.053955
975.743591, 1201.326904	975.744019, 1201.324951
978.877991, 1215.881592	978.877991, 1215.880981
981.252808, 1219.062378	981.252014, 1219.062012
1002.268005, 1234.421631	1002.268005, 1234.421021
1007.637634, 1221.989990	1007.638000, 1221.989990
1013.930786, 1223.009277	1013.931030, 1223.009033
1019.870361, 1215.324463	1019.869019, 1215.326050
1011.013184, 1222.758423	1011.013000, 1222.758057
1023.935181, 1220.179565	1023.935974, 1220.178955
1041.105957, 1212.692017	1041.104980, 1212.692993
1049.416016, 1215.283691	1049.416016, 1215.284058
1048.829590, 1210.839966	1048.831055, 1210.838013
1044.570068, 1229.728760	1044.568970, 1229.729004
1071.495605, 1236.632324	1071.495972, 1236.631958
1077.676392, 1230.556396	1077.676025, 1230.556030
1083.599243, 1240.771606	1083.598022, 1240.771973
1071.579224, 1243.518799	1071.578979, 1243.520020
1072.006104, 1232.043945	1072.005981, 1232.043945
1062.613159, 1233.747559	1062.614014, 1233.745972
1069.826294, 1237.028076	1069.828003, 1237.026978
1083.983521, 1246.232422	1083.984009, 1246.232056
1079.896484, 1243.545166	1079.896973, 1243.545044
1080.374390, 1235.283569	1080.373047, 1235.285034
1074.606812, 1240.355591	1074.607056, 1240.355957
1070.253662, 1248.803223	1070.251953, 1248.805054
1070.742798, 1267.481689	1070.741943, 1267.480957
1073.590088, 1284.877686	1073.588989, 1284.879028
1074.385254, 1294.436768	1074.384033, 1294.437988
1078.349609, 1296.751953	1078.350952, 1296.750977
1072.517578, 1319.548828	1072.516968, 1319.548950
1080.122803, 1335.398682	1080.123047, 1335.397949
1077.557251, 1357.018311	1077.557983, 1357.017944
1076.029297, 1358.209229	1076.030029, 1358.207031
1071.718872, 1359.162476	1071.718994, 1359.161987
1059.267578, 1362.531616	1059.266968, 1362.531982
1056.719971, 1351.579590	1056.718994, 1351.578979
1034.552002, 1350.078003	1034.552979, 1350.077026
1026.105591, 1353.331177	1026.105957, 1353.331055
1027.349243, 1356.341675	1027.348999, 1356.340942
1037.826416, 1362.889648	1037.824951, 1362.890015
1028.063599, 1365.978027	1028.062988, 1365.978027
1027.205200, 1374.179199	1027.206055, 1374.178955
1039.239990, 1387.107178	1039.239990, 1387.109009
1056.339600, 1394.556885	1056.338989, 1394.557007
1055.734009, 1386.979980	1055.734985, 1386.978027
1061.158813, 1385.621338	1061.157959, 1385.621948
1057.618896, 1400.703857	1057.618042, 1400.704956
1056.137939, 1403.549072	1056.137939, 1403.548950
1065.702515, 1404.689697	1065.702026, 1404.689941
1063.699951, 1410.867188	1063.699951, 1410.866943
1073.694092, 1417.207153	1073.693970, 1417.207031
1071.511597, 1401.403320	1071.510986, 1401.402954
1084.092041, 1394.072388	1084.093018, 1394.071045
1091.755249, 1410.368774	1091.754028, 1410.369019
1086.060425, 1427.350830	1086.061035, 1427.349976
1094.320435, 1427.640381	1094.318970, 1427.641968
1100.136719, 1439.163208	1100.136963, 1439.162964
1102.540405, 1454.921631	1102.540039, 1454.921997
1090.637207, 1477.696411	1090.636963, 1477.697021
1096.745605, 1499.498413	1096.744995, 1499.499023
1092.861938, 1499.154419	1092.862061, 1499.154053
1092.129639, 1501.736084	1092.130005, 1501.735962
1088.174805, 1509.084717	1088.176025, 1509.083984
1078.332397, 1518.546021	1078.332031, 1518.545044
1048.308838, 1501.426270	1048.308960, 1501.426025
1032.782837, 1488.657959	1032.782959, 1488.657959
1027.254395, 1483.279175	1027.254028, 1483.280029
1011.708801, 1480.600830	1011.708984, 1480.599976
1015.787231, 1500.831543	1015.786987, 1500.831055
1023.184387, 1511.586792	1023.184021, 1511.586060
1041.536377, 1506.013184	1041.535034, 1506.014038
1041.970703, 1492.346069	1041.969971, 1492.347046
1058.100708, 1502.575317	1058.100952, 1502.573975
1069.587891, 1519.694824	1069.588013, 1519.693970
1072.013184, 1507.550415	1072.011963, 1507.551025
1070.128418, 1499.465210	1070.129028, 1499.463989
1059.922363, 1508.418701	1059.921997, 1508.418945
1064.136353, 1507.948730	1064.135986, 1507.947998
1076.082031, 1509.901611	1076.082031, 1509.901001
1070.828857, 1523.596313	1070.828003, 1523.597046
1078.317993, 1538.640015	1078.317993, 1538.640015
1071.184814, 1545.412476	1071.186035, 1545.411011
1062.423218, 1531.170410	1062.422974, 1531.171021
1076.030396, 1531.571167	1076.030029, 1531.571045
1089.462036, 1536.429199	1089.462036, 1536.428955
1089.953613, 1539.067627	1089.953003, 1539.067993
1083.830811, 1528.285522	1083.829956, 1528.285034
1082.316772, 1500.955933	1082.317993, 1500.953979
1068.527222, 1480.088623	1068.526978, 1480.088989
1077.615601, 1477.183838	1077.615967, 1477.182983
1069.625610, 1493.602539	1069.625977, 1493.600952
1064.982910, 1492.514771	1064.983032, 1492.515015
1058.271973, 1495.553223	1058.271973, 1495.552979
1043.671143, 1497.692383	1043.672974, 1497.689941
1042.952759, 1502.976807	1042.953003, 1502.975952
1030.071289, 1513.783691	1030.071045, 1513.782959
1020.800781, 1527.433105	1020.801025, 1527.432983
1025.036743, 1515.631104	1025.036987, 1515.630005
1026.739624, 1518.427979	1026.739990, 1518.427979
1039.640747, 1516.187256	1039.640015, 1516.187012
1028.501587, 1515.385254	1028.500977, 1515.385010
1018.745239, 1524.018799	1018.744995, 1524.019043
1011.581970, 1522.022339	1011.581970, 1522.021973
1011.286377, 1527.537598	1011.286011, 1527.537964
1027.188843, 1522.929565	1027.188965, 1522.928955
1020.236450, 1520.417236	1020.236023, 1520.417969
1032.600342, 1522.538452	1032.600952, 1522.537964
1042.306396, 1525.168091	1042.306030, 1525.166992
1052.388794, 1546.915527	1052.389038, 1546.915039
1062.415527, 1552.304077	1062.415039, 1552.305054
1067.056763, 1550.935303	1067.056030, 1550.935059
1075.924072, 1558.648438	1075.922974, 1558.649048
1096.075195, 1559.979492	1096.074951, 1559.979004
1101.726074, 1553.261597	1101.725952, 1553.261963
1096.994873, 1555.649536	1096.994019, 1555.650024
1106.014038, 1566.680664	1106.014038, 1566.681030
1107.369263, 1583.418457	1107.368042, 1583.420044
1110.742432, 1569.962036	1110.744019, 1569.961060
1119.890381, 1566.240723	1119.890991, 1566.239990
1121.876831, 1547.974365	1121.876953, 1547.974976
1128.725220, 1529.689941	1128.724976, 1529.689941
1126.446045, 1521.769165	1126.446045, 1521.767944
1130.140381, 1505.801147	1130.140015, 1505.800049
1142.452026, 1494.141968	1142.453003, 1494.140991
1157.524414, 1496.868408	1157.524048, 1496.868042
1171.473999, 1502.329590	1171.474976, 1502.328003
1175.258423, 1490.143188	1175.258057, 1490.142944
1180.149536, 1473.712769	1180.150024, 1473.713013
1192.079712, 1477.235229	1192.079956, 1477.234985
1215.350830, 1462.811157	1215.349976, 1462.812012
1232.041138, 1463.805176	1232.041992, 1463.805054
1220.357910, 1479.877197	1220.358032, 1479.878052
1202.472412, 1479.208374	1202.472046, 1479.208008
1203.449585, 1495.738892	1203.449951, 1495.739014
1206.190308, 1504.309937	1206.189941, 1504.310059
1202.406006, 1491.265625	1202.406982, 1491.264038
1186.721558, 1479.346069	1186.720947, 1479.347046
1195.415161, 1473.976440	1195.413940, 1473.975952
1188.556030, 1480.199951	1188.557007, 1480.197998
1191.112061, 1464.456787	1191.112061, 1464.456055
1180.505981, 1457.554077	1180.505005, 1457.555054
1178.812012, 1467.260742	1178.812012, 1467.260010
1169.107178, 1477.479980	1169.107056, 1477.479004
1189.923584, 1482.755615	1189.922974, 1482.755981
1193.986084, 1478.910767	1193.985962, 1478.910034
1178.937256, 1495.175659	1178.937988, 1495.175049
1167.832031, 1495.201660	1167.832031, 1495.201050
1177.166382, 1486.349976	1177.166992, 1486.348999
1192.183594, 1486.633545	1192.183960, 1486.634033
1219.507202, 1484.362915	1219.505981, 1484.363037
1226.834839, 1475.005859	1226.836060, 1475.005005
1226.714355, 1484.834839	1226.713989, 1484.833984
1216.700684, 1498.074707	1216.701050, 1498.074951
1229.278442, 1514.201538	1229.277954, 1514.201050
1238.202881, 1521.727661	1238.202026, 1521.728027
1230.559204, 1523.821289	1230.560059, 1523.819946
1230.977173, 1529.160767	1230.978027, 1529.160034
1230.719971, 1527.964233	1230.719971, 1527.964966
1238.390747, 1531.937988	1238.390991, 1531.937012
1228.677612, 1530.828369	1228.677979, 1530.826050
1211.909180, 1531.478760	1211.910034, 1531.478027
1210.485962, 1556.292480	1210.484009, 1556.293945
1214.948486, 1567.050049	1214.948975, 1567.050049
1217.865479, 1555.471680	1217.865967, 1555.472046
1207.838745, 1562.299194	1207.838989, 1562.298950
1214.765991, 1580.820068	1214.766968, 1580.817993
1217.768799, 1593.316040	1217.767944, 1593.317017
1237.136719, 1598.913208	1237.135986, 1598.913940
1230.785522, 1602.795166	1230.784058, 1602.796997
1226.395996, 1614.600098	1226.395996, 1614.599976
1224.323608, 1639.506836	1224.322998, 1639.508057
1229.304443, 1648.390747	1229.303955, 1648.391968
1239.974854, 1649.624023	1239.974976, 1649.621948
1253.991943, 1661.099121	1253.993042, 1661.098022
1255.696777, 1672.536743	1255.697021, 1672.536011
1260.203979, 1665.909668	1260.203979, 1665.907959
1253.548828, 1661.583862	1253.550049, 1661.583008
1256.760376, 1672.742432	1256.759033, 1672.744019
1250.935303, 1672.237183	1250.933960, 1672.238037
1237.141113, 1685.053955	1237.140015, 1685.053955
1244.404053, 1681.551147	1244.405029, 1681.548950
1245.732056, 1677.248413	1245.733032, 1677.248047
1247.691650, 1686.526489	1247.691040, 1686.526978
1246.503906, 1698.837646	1246.503052, 1698.838989
1251.426514, 1702.936768	1251.426025, 1702.937012
1265.235962, 1697.290039	1265.234985, 1697.291016
1270.916382, 1696.192383	1270.916016, 1696.192993
1253.339600, 1705.875244	1253.338989, 1705.875000
1262.429932, 1722.982422	1262.430054, 1722.982056
1266.736084, 1727.272461	1266.734985, 1727.272949
1270.569580, 1738.443970	1270.568970, 1738.444946
1264.023193, 1750.169189	1264.021973, 1750.168945
1238.629639, 1764.161865	1238.629028, 1764.161987
1224.430786, 1758.770020	1224.430054, 1758.771973
1235.475586, 1750.054443	1235.475952, 1750.052979
1235.294434, 1748.758057	1235.293945, 1748.756958
1242.132812, 1753.532715	1242.131958, 1753.534058
1251.283203, 1743.238770	1251.281982, 1743.239990
1243.567627, 1734.630127	1243.567017, 1734.630005
1243.150024, 1748.491943	1243.150024, 1748.491943
1254.188721, 1770.014404	1254.188965, 1770.014038
1244.095947, 1777.626099	1244.095947, 1777.625000
1245.634521, 1777.549683	1245.635010, 1777.548950
1243.078003, 1788.862305	1243.078003, 1788.862061
1246.300781, 1806.406738	1246.302002, 1806.406006
1246.841187, 1815.880127	1246.839966, 1815.880981
1247.627563, 1804.793701	1247.626953, 1804.792969
1265.355957, 1809.171631	1265.355957, 1809.171997
1276.283691, 1819.256104	1276.284058, 1819.255981
1296.778442, 1829.914429	1296.776978, 1829.915039
1302.415527, 1829.711914	1302.415039, 1829.713013
1306.418823, 1841.832764	1306.418945, 1841.833008
1308.407227, 1839.630371	1308.406982, 1839.630981
1297.608032, 1832.222412	1297.608032, 1832.223022
1299.401123, 1822.190796	1299.400024, 1822.192017
1296.530029, 1817.172729	1296.529053, 1817.173950
1288.026367, 1808.904053	1288.026001, 1808.904053
1297.711670, 1816.703125	1297.711060, 1816.703003
1311.720459, 1812.614014	1311.720947, 1812.613037
1311.486816, 1820.004395	1311.487061, 1820.004028
1332.911987, 1826.340576	1332.911011, 1826.343018
1342.568848, 1831.833618	1342.568970, 1831.833008
1358.055542, 1840.843628	1358.055054, 1840.843994
1362.758423, 1847.711182	1362.758057, 1847.712036
1359.511963, 1846.463501	1359.512939, 1846.463013
1357.043701, 1855.782715	1357.042969, 1855.784058
1357.238037, 1866.398438	1357.237061, 1866.397949
1365.224731, 1873.010742	1365.224976, 1873.010010
1374.748291, 1872.977539	1374.748047, 1872.978027
1375.226440, 1887.458374	1375.225952, 1887.458984
1385.688354, 1894.182251	1385.688965, 1894.182007
1394.784424, 1899.528442	1394.785034, 1899.527954
1386.608154, 1894.008545	1386.608032, 1894.008057
1412.521240, 1884.751953	1412.521973, 1884.751953
1429.056396, 1875.244873	1429.056030, 1875.245972
1424.926392, 1866.258789	1424.926025, 1866.260986
1425.708008, 1862.514648	1425.707031, 1862.515991
1434.346802, 1863.792847	1434.345947, 1863.792969
1439.246826, 1878.706421	1439.246948, 1878.707031
1448.204346, 1889.070801	1448.203979, 1889.069946
1452.987549, 1872.599976	1452.987061, 1872.599976
1455.744873, 1879.307495	1455.744995, 1879.307007
1465.145996, 1881.883301	1465.145020, 1881.884033
1485.336060, 1884.928833	1485.336060, 1884.928955
1486.380737, 1886.832397	1486.380005, 1886.833008
1501.681641, 1895.977051	1501.682983, 1895.974976
1507.819214, 1913.978027	1507.818970, 1913.978027
1506.510742, 1923.865234	1506.510986, 1923.864990
1501.271118, 1925.608398	1501.270996, 1925.609009
1517.562378, 1950.135742	1517.560059, 1950.136963
1521.537109, 1944.355957	1521.537964, 1944.354980
1521.626709, 1952.329956	1521.628052, 1952.328979
1528.066772, 1984.106812	1528.067017, 1984.105957
1542.334106, 1988.378052	1542.334961, 1988.378052
1546.750000, 1987.859985	1546.749023, 1987.859985
1531.164429, 1988.926025	1531.163940, 1988.926025
1535.107178, 1999.505493	1535.107056, 1999.505981
1547.370361, 1994.483887	1547.369995, 1994.484009
1553.661987, 1988.015625	1553.661011, 1988.017944
1565.741699, 1996.707153	1565.741943, 1996.707031
1564.343994, 1999.239258	1564.343018, 1999.239990
1540.790039, 1994.105225	1540.788940, 1994.105957
1526.777588, 2011.531982	1526.776978, 2011.531982
1533.182861, 2025.869263	1533.183960, 2025.868042
1527.221924, 2024.149536	1527.222046, 2024.150024
1515.973633, 2032.449829	1515.973999, 2032.448975
1518.190796, 2031.017944	1518.191040, 2031.017944
1520.929199, 2012.500366	1520.928955, 2012.500977
1542.235962, 2002.894531	1542.234985, 2002.895996
1537.506470, 2016.865967	1537.505005, 2016.868042
1533.858765, 2028.370117	1533.858032, 2028.370972
1518.736328, 2036.793945	1518.735962, 2036.795044
1504.444092, 2034.187500	1504.444946, 2034.187012
1504.726318, 2056.862305	1504.727051, 2056.862061
1524.694092, 2071.698242	1524.693970, 2071.698975
1527.439575, 2076.143066	1527.439941, 2076.143066
1525.970703, 2091.185059	1525.969971, 2091.185059
1537.870483, 2105.064209	1537.869995, 2105.064941
1542.891602, 2099.604980	1542.891968, 2099.603027
1544.321655, 2092.845947	1544.321045, 2092.845947
1529.642090, 2088.058594	1529.641968, 2088.060059
1530.088013, 2096.049561	1530.088013, 2096.049072
1519.847290, 2107.207520	1519.848022, 2107.207031
1524.419189, 2103.873535	1524.417969, 2103.875977
1527.000488, 2116.988525	1527.000000, 2116.989014
1530.042480, 2114.622559	1530.041992, 2114.622070
1529.858398, 2112.916748	1529.858032, 2112.916992
1524.236328, 2113.281738	1524.235962, 2113.281006
1516.145264, 2124.311523	1516.145020, 2124.311035
1491.642822, 2120.594238	1491.642944, 2120.593994
1478.607910, 2128.010498	1478.609009, 2128.010010
1474.735718, 2130.154541	1474.735962, 2130.153076
1480.189575, 2129.150879	1480.189941, 2129.150879
1474.535522, 2142.715332	1474.536011, 2142.714111
1477.381226, 2154.076416	1477.381958, 2154.075928
1474.704468, 2158.612305	1474.703979, 2158.613037
1484.247559, 2164.543945	1484.249023, 2164.542969
1495.731689, 2175.983154	1495.732056, 2175.981934
1504.468750, 2160.410889	1504.468018, 2160.410889
1519.364746, 2162.380859	1519.364990, 2162.381104
1531.413208, 2157.121582	1531.413940, 2157.121094
1553.490356, 2153.337158	1553.490967, 2153.336914
1571.673584, 2140.678467	1571.672974, 2140.678955
1584.828125, 2142.432861	1584.829956, 2142.429932
1586.360107, 2131.040527	1586.359985, 2131.040039
1588.625732, 2130.579102	1588.625977, 2130.577881
1599.299072, 2132.106445	1599.298950, 2132.105957
1611.832397, 2125.074219	1611.832031, 2125.073975
1624.611572, 2127.852051	1624.609985, 2127.853027
1620.305176, 2134.802002	1620.305054, 2134.802002
1623.274414, 2143.181885	1623.274048, 2143.180908
1620.380371, 2128.218750	1620.380005, 2128.219971
1614.981934, 2133.637695	1614.980957, 2133.637939
1623.707275, 2137.754395	1623.706055, 2137.754883
1622.187988, 2128.362305	1622.187988, 2128.362061
1624.919678, 2121.377686	1624.918945, 2121.377930
1623.052490, 2119.671387	1623.052002, 2119.670898
1608.764771, 2114.800293	1608.765015, 2114.800049
1620.979614, 2130.448242	1620.979004, 2130.448975
1630.172729, 2130.822754	1630.172974, 2130.822998
1630.939575, 2137.334717	1630.938965, 2137.334961
1629.191528, 2119.333252	1629.189941, 2119.333984
1647.369507, 2105.275146	1647.369995, 2105.274902
1656.542847, 2082.283691	1656.542969, 2082.282959
1664.791992, 2078.561279	1664.791992, 2078.561035
1663.136353, 2070.101074	1663.135986, 2070.101074
1664.645142, 2060.892334	1664.645996, 2060.892090
1652.777588, 2079.461670	1652.776978, 2079.461914
1652.956543, 2089.731445	1652.957031, 2089.731934
1667.070923, 2075.933105	1667.072021, 2075.931885
1679.866455, 2064.552246	1679.865967, 2064.552002
1671.980713, 2066.018555	1671.980957, 2066.018066
1670.286865, 2075.375244	1670.286987, 2075.375000
1688.718262, 2072.838867	1688.718994, 2072.837891
1699.561890, 2063.242676	1699.562012, 2063.241943
1705.185181, 2078.775635	1705.185059, 2078.775879
1714.884766, 2102.640869	1714.885010, 2102.641113
1735.613647, 2103.208008	1735.614014, 2103.207031
1743.718384, 2112.375977	1743.718018, 2112.375000
1741.224365, 2110.253174	1741.224976, 2110.251953
1751.683960, 2108.569092	1751.683960, 2108.570068
1748.882446, 2112.089844	1748.883057, 2112.090088
1749.568481, 2106.919922	1749.567017, 2106.920898
1735.951172, 2093.260010	1735.952026, 2093.259033
1737.622070, 2079.807617	1737.620972, 2079.808105
1762.870728, 2085.283936	1762.870972, 2085.283936
1792.055176, 2095.577637	1792.055054, 2095.576904
1809.091309, 2104.038574	1809.090942, 2104.039062
1821.562012, 2098.515869	1821.562012, 2098.516113
1809.010864, 2114.476318	1809.011963, 2114.475098
1806.489990, 2124.666748	1806.489990, 2124.666016
1812.259155, 2125.353516	1812.260010, 2125.352051
1807.226807, 2136.390381	1807.225952, 2136.392090
1793.297119, 2145.254883	1793.297974, 2145.254883
1788.778076, 2153.683594	1788.777954, 2153.684082
1786.101562, 2161.427490	1786.102051, 2161.427002
1783.180420, 2155.758301	1783.181030, 2155.759033
1795.666382, 2146.041992	1795.667969, 2146.040039
1813.405273, 2155.500000	1813.405029, 2155.500977
1795.222656, 2183.182861	1795.223022, 2183.181885
1772.275269, 2194.081055	1772.275024, 2194.081055
1773.627686, 2185.542480	1773.625977, 2185.543945
1775.157593, 2175.402832	1775.157959, 2175.402100
1796.495117, 2180.129639	1796.495972, 2180.128906
1815.670898, 2179.352295	1815.671021, 2179.352051
1832.649658, 2182.887695	1832.650024, 2182.886963
1828.292725, 2184.113281	1828.292969, 2184.113037
1814.929688, 2164.435547	1814.931030, 2164.435059
1805.280273, 2149.295898	1805.281006, 2149.293945
1810.648438, 2155.688721	1810.649048, 2155.687988
1809.744019, 2165.294922	1809.744019, 2165.292969
1798.382080, 2155.460449	1798.380981, 2155.460938
1798.949341, 2145.011963	1798.949951, 2145.010986
1801.838013, 2163.945068	1801.838013, 2163.944092
1826.168823, 2146.128906	1826.168945, 2146.127930
1832.162842, 2153.411133	1832.162964, 2153.410889
1828.853760, 2155.896729	1828.854004, 2155.895020
1831.473145, 2154.889160	1831.472046, 2154.889893
1826.328857, 2163.178467	1826.328979, 2163.177979
1825.384399, 2165.750732	1825.384033, 2165.750977
1834.212769, 2191.715088	1834.213013, 2191.714111
1825.337891, 2208.670898	1825.338013, 2208.669922
1828.174072, 2219.547119	1828.173950, 2219.548096
1816.710815, 2226.710693	1816.709961, 2226.710938
1813.425171, 2240.116699	1813.425049, 2240.116943
1817.122803, 2248.685547	1817.121948, 2248.687012
1819.430054, 2251.426270	1819.430054, 2251.427002
1821.379150, 2266.915039	1821.380005, 2266.915039
1822.632690, 2263.815674	1822.630981, 2263.816895
1832.533569, 2264.930908	1832.532959, 2264.931885
1827.294678, 2279.683594	1827.293945, 2279.683105
1815.305908, 2274.393555	1815.307007, 2274.392090
1802.028809, 2278.017822	1802.027954, 2278.019043
1801.028809, 2292.367188	1801.027954, 2292.367920
1805.641113, 2288.890137	1805.641968, 2288.889893
1804.165527, 2279.550049	1804.165039, 2279.550049
1804.902344, 2255.148438	1804.901978, 2255.147949
1803.378906, 2254.785645	1803.376953, 2254.787109
1805.581177, 2265.051270	1805.581055, 2265.050049
1802.645508, 2263.760742	1802.645020, 2263.761963
1792.645630, 2268.644287	1792.645996, 2268.644043
1804.669922, 2268.775391	1804.670044, 2268.774902
1822.093140, 2268.151123	1822.093018, 2268.152100
1813.066772, 2273.082764	1813.067017, 2273.083008
1827.108032, 2280.387939	1827.108032, 2280.387939
1833.269653, 2296.546143	1833.269043, 2296.545898
1830.002930, 2311.287598	1830.004028, 2311.284912
1830.603271, 2294.276367	1830.603027, 2294.278076
1833.836670, 2313.312012	1833.837036, 2313.312012
1853.792847, 2310.827637	1853.793945, 2310.826904
1853.910034, 2307.239990	1853.911011, 2307.239014
1857.345581, 2312.778320	1857.344971, 2312.778076
1856.179565, 2313.949219	1856.177979, 2313.949951
1843.946045, 2310.607178	1843.946045, 2310.606934
1837.718750, 2324.339600	1837.718018, 2324.339111
1843.054321, 2342.704102	1843.053955, 2342.704102
1844.071167, 2372.056396	1844.071045, 2372.056885
1842.761963, 2372.394531	1842.761963, 2372.395996
1851.367676, 2359.334717	1851.368042, 2359.334961
1859.738403, 2354.098145	1859.739014, 2354.097900
1848.351685, 2351.327148	1848.350952, 2351.329102
1851.934570, 2358.014160	1851.935059, 2358.013916
1866.573242, 2361.757568	1866.573975, 2361.757080
1869.572876, 2382.731201	1869.572998, 2382.730957
1863.502441, 2384.516846	1863.501953, 2384.516113
1848.143555, 2383.282471	1848.144043, 2383.281982
1845.412842, 2413.106934	1845.411987, 2413.106934
1853.321655, 2420.792969	1853.322021, 2420.792969
1847.410889, 2432.993164	1847.410034, 2432.993896
1850.339111, 2438.378906	1850.339966, 2438.378906
1843.421997, 2423.222168	1843.421997, 2423.221924
1847.759277, 2436.196533	1847.759033, 2436.197021
1843.855713, 2433.554932	1843.854980, 2433.555908
1837.189941, 2437.445312	1837.189941, 2437.445068
1839.057983, 2443.009277	1839.057007, 2443.010986
1843.797607, 2452.269775	1843.797974, 2452.269043
1855.459961, 2468.847168	1855.459961, 2468.846924
1858.809937, 2470.044189	1858.810059, 2470.043945
1856.122070, 2484.252441	1856.121948, 2484.252930
1857.890015, 2490.961670	1857.887939, 2490.962891
1849.945312, 2485.399902	1849.944946, 2485.400879
1856.535645, 2476.729492	1856.536011, 2476.729004
1866.608276, 2493.006836	1866.608032, 2493.006104
1868.684326, 2502.543701	1868.683960, 2502.542969
1868.392090, 2506.358398	1868.392944, 2506.356934
1874.906006, 2496.081543	1874.905029, 2496.083008
1875.802856, 2487.225098	1875.802979, 2487.225098
1874.776123, 2491.473145	1874.775024, 2491.474121
1859.944092, 2488.120117	1859.943970, 2488.118896
1866.857178, 2478.730469	1866.858032, 2478.729004
1861.149170, 2489.772949	1861.150024, 2489.770996
1847.332886, 2487.719238	1847.333984, 2487.718018
1838.339966, 2480.017090	1838.339966, 2480.016113
1837.196045, 2480.190430	1837.194946, 2480.190918
1827.086426, 2489.609863	1827.087036, 2489.607910
1829.581665, 2479.153564	1829.581055, 2479.154053
1842.688721, 2460.577148	1842.688965, 2460.575928
1851.071167, 2460.667725	1851.071045, 2460.666016
1858.796387, 2475.546387	1858.796021, 2475.547119
1864.490479, 2475.033936	1864.489990, 2475.033936
1872.945190, 2479.057861	1872.946045, 2479.056885
1872.275146, 2471.874512	1872.276001, 2471.875000
1877.502808, 2462.966309	1877.503052, 2462.967041
1874.036865, 2459.540771	1874.037964, 2459.539062
1859.623169, 2469.573242	1859.623047, 2469.572998
1880.679199, 2468.730225	1880.677979, 2468.730957
1888.804932, 2471.884033	1888.803955, 2471.885010
1882.629639, 2464.770996	1882.630005, 2464.770020
1871.342773, 2476.677979	1871.343018, 2476.677002
1884.532837, 2470.997559	1884.532959, 2470.997070
1893.767212, 2474.093994	1893.765991, 2474.094971
1896.184814, 2460.550049	1896.185059, 2460.549072
1905.850830, 2467.321777	1905.850952, 2467.321045
1925.315186, 2470.235352	1925.313965, 2470.236084
1940.089233, 2482.535156	1940.088989, 2482.535889
1939.821655, 2486.005859	1939.822021, 2486.004883
1942.235229, 2477.915283	1942.234985, 2477.916016
1956.309204, 2488.403076	1956.308960, 2488.404053
1955.331055, 2494.087646	1955.332031, 2494.086914
1933.878418, 2499.544678	1933.878052, 2499.543945
1939.563965, 2487.178223	1939.563965, 2487.177002
1931.347534, 2484.077881	1931.348022, 2484.076904
1923.179199, 2476.099365	1923.178955, 2476.100098
1914.202026, 2468.086914	1914.202026, 2468.085938
1908.132812, 2465.454834	1908.133057, 2465.454102
1922.985596, 2463.416260	1922.985962, 2463.415039
1926.864502, 2468.687256	1926.863037, 2468.688965
1913.900391, 2490.649170	1913.899048, 2490.648926
1910.695557, 2484.683594	1910.696045, 2484.683105
1929.874268, 2467.600342	1929.874023, 2467.601074
1937.290771, 2451.137939	1937.291016, 2451.136963
1940.771606, 2428.588379	1940.771973, 2428.589111
1954.500732, 2430.319336	1954.500000, 2430.318115
1969.989990, 2442.178223	1969.989014, 2442.178955
1982.061890, 2437.695068	1982.061035, 2437.695068
1992.391602, 2439.747803	1992.390991, 2439.747070
1982.008789, 2437.599121	1982.008057, 2437.600098
1974.702393, 2437.800781	1974.702026, 2437.801025
1984.544800, 2427.882080	1984.545044, 2427.882080
1981.082031, 2416.370605	1981.081055, 2416.372070
1998.889648, 2405.920410	1998.889038, 2405.919922
2011.346436, 2412.325195	2011.345947, 2412.324951
2003.831909, 2424.247314	2003.832031, 2424.248047
1983.452759, 2424.163086	1983.452026, 2424.165039
1992.020752, 2411.867188	1992.020020, 2411.867920
1988.776001, 2419.023926	1988.776001, 2419.021973
1993.476807, 2427.061279	1993.475952, 2427.062012
1994.754395, 2425.031738	1994.755981, 2425.029053
2007.600830, 2411.419922	2007.602051, 2411.418945
1993.905151, 2403.850098	1993.906006, 2403.847900
1987.351562, 2403.387207	1987.349976, 2403.388916
1993.703613, 2406.714355	1993.702026, 2406.716064
1985.651123, 2400.260254	1985.651978, 2400.260010
1970.901978, 2404.715332	1970.902954, 2404.714111
1978.929932, 2416.949707	1978.930054, 2416.949951
1979.551147, 2422.852051	1979.551025, 2422.851074
1988.854004, 2420.595703	1988.853027, 2420.596924
1999.975098, 2432.458008	1999.975952, 2432.457031
2013.074829, 2424.564453	2013.074951, 2424.562988
2006.898315, 2431.627930	2006.899048, 2431.627930
2007.937988, 2434.565674	2007.938965, 2434.565918
2011.423218, 2437.105957	2011.423950, 2437.104980
2006.707642, 2448.767090	2006.708008, 2448.767090
2011.978760, 2445.567871	2011.979004, 2445.566895
1996.187256, 2454.476807	1996.187012, 2454.478027
1998.118774, 2458.003662	1998.119019, 2458.003906
2001.829102, 2455.419922	2001.828979, 2455.418945
2016.980835, 2447.131348	2016.980957, 2447.131104
2027.642456, 2457.219727	2027.642944, 2457.219971
2037.109253, 2465.069580	2037.109009, 2465.069092
2025.151489, 2458.670410	2025.152954, 2458.668945
2026.926514, 2459.874756	2026.926025, 2459.874023
2030.277222, 2458.916992	2030.276978, 2458.916992
2043.761963, 2457.991943	2043.760986, 2457.991943
2038.923584, 2451.157471	2038.923950, 2451.156982
2045.542480, 2441.252686	2045.542969, 2441.251953
2055.242676, 2433.742432	2055.243896, 2433.739990
2053.011230, 2445.350342	2053.011963, 2445.350098
2052.922119, 2443.998535	2052.922119, 2443.998047
2048.407959, 2439.792480	2048.407959, 2439.792969
2055.315430, 2437.458008	2055.314941, 2437.458008
2071.902832, 2426.850342	2071.902100, 2426.851074
2069.613281, 2440.802490	2069.613037, 2440.802002
2078.293945, 2438.687256	2078.293945, 2438.686035
2075.020264, 2438.013916	2075.020996, 2438.012939
2063.666016, 2430.464355	2063.665039, 2430.465088
2054.678467, 2416.697510	2054.677002, 2416.697998
2060.604492, 2411.177979	2060.604004, 2411.177002
2063.610352, 2405.168701	2063.611084, 2405.167969
2053.748047, 2413.469482	2053.748047, 2413.469971
2055.810547, 2410.613037	2055.811035, 2410.613037
2059.898926, 2405.206543	2059.898926, 2405.206055
2057.970459, 2417.091797	2057.969971, 2417.092041
2049.849854, 2416.497559	2049.850098, 2416.498047
2040.791992, 2421.715332	2040.791992, 2421.714111
2036.845947, 2428.524414	2036.844971, 2428.524902
2044.062012, 2456.700439	2044.062012, 2456.699951
2052.383545, 2459.986816	2052.384033, 2459.987061
2068.713135, 2472.282715	2068.714111, 2472.281982
2050.245605, 2470.775635	2050.245117, 2470.775879
2062.706055, 2478.894043	2062.706055, 2478.894043
2085.819336, 2482.643311	2085.819092, 2482.642090
2082.776367, 2482.979736	2082.777100, 2482.979004
2083.966553, 2497.244629	2083.966064, 2497.243896
2096.496338, 2514.857910	2096.496094, 2514.858887
2101.834961, 2524.855225	2101.834961, 2524.854980
2103.050537, 2531.544434	2103.052002, 2531.542969
2110.151855, 2537.254395	2110.152100, 2537.253906
2115.218506, 2529.612061	2115.218018, 2529.612061
2126.938965, 2533.452637	2126.938965, 2533.451904
2136.713379, 2530.394043	2136.712891, 2530.394043
2123.864258, 2517.942383	2123.864014, 2517.943115
2127.074707, 2530.581299	2127.074951, 2530.581055
2111.338867, 2538.605957	2111.337891, 2538.607910
2102.419922, 2525.495850	2102.419922, 2525.495117
2097.758301, 2531.608398	2097.757080, 2531.610107
2101.852295, 2541.726562	2101.852051, 2541.726074
2112.067627, 2537.311279	2112.069092, 2537.310059
2123.012695, 2541.074463	2123.012939, 2541.073975
2117.168945, 2553.915283	2117.167969, 2553.916016
2118.685547, 2558.952393	2118.686035, 2558.951904
2110.594727, 2560.137207	2110.595947, 2560.135010
2119.758789, 2567.925293	2119.758057, 2567.927002
2142.549805, 2584.096436	2142.548096, 2584.097900
2165.897461, 2588.202637	2165.897949, 2588.201904

Execution time is 0.060867
